1.000000000000000056e-01 6.785714285714285199e-02
7.857142857142855874e-01 7.299999999999999545e-02
1.571428571428571397e-01 9.357142857142858317e-02
6.714285714285714857e-01 5.242857142857143549e-02
2.428571428571428270e-01 3.185714285714285471e-02
1.428571428571428527e-02 6.271428571428570853e-02
7.142857142857142461e-02 4.214285714285714857e-02
6.142857142857143238e-01 1.642857142857143127e-02
3.571428571428571508e-01 3.700000000000000511e-02
5.857142857142856318e-01 2.928571428571428992e-02
4.714285714285714191e-01 9.871428571428572663e-02
6.999999999999999556e-01 9.614285714285714102e-02
5.571428571428571619e-01 9.099999999999999756e-02
8.999999999999999112e-01 5.500000000000000722e-02
2.714285714285714080e-01 2.414285714285714646e-02
7.571428571428571175e-01 3.442857142857142644e-02
9.857142857142857650e-01 4.728571428571429203e-02
8.714285714285714413e-01 2.671428571428571819e-02
7.285714285714286476e-01 8.585714285714285410e-02
9.285714285714286031e-01 7.042857142857143760e-02
5.000000000000000000e-01 3.957142857142857684e-02
8.142857142857142794e-01 1.385714285714285780e-02
3.285714285714285698e-01 4.471428571428572030e-02
4.142857142857142572e-01 6.528571428571429414e-02
9.571428571428570731e-01 2.157142857142857126e-02
2.142857142857142738e-01 7.814285714285713891e-02
4.285714285714285754e-02 8.328571428571428237e-02
4.428571428571428381e-01 8.071428571428571064e-02
2.999999999999999889e-01 1.128571428571428607e-02
8.428571428571427493e-01 6.014285714285715068e-02
5.285714285714284699e-01 7.557142857142858106e-02
1.285714285714285587e-01 5.757142857142857201e-02
1.857142857142857206e-01 1.900000000000000300e-02
3.857142857142856762e-01 4.985714285714286376e-02
6.428571428571427937e-01 8.842857142857143971e-02
