2.920454545454545414e+00 1.613636363636363535e+00
1.806818181818181657e+00 1.795454545454545414e+00
1.488636363636363535e+00 1.659090909090909172e+00
1.965909090909090828e+00 1.886363636363636243e+00
2.125000000000000000e+00 1.977272727272727293e+00
1.329545454545454586e+00 1.931818181818181879e+00
2.284090909090909172e+00 1.704545454545454586e+00
2.761363636363636687e+00 1.750000000000000000e+00
2.602272727272727515e+00 1.840909090909090828e+00
2.443181818181818343e+00 1.568181818181818121e+00
1.647727272727272707e+00 1.522727272727272707e+00
